30.9167	-68.3333	1.00
30.7500	-68.5000	2.00
30.7500	-68.4167	3.00
30.6667	-68.5000	4.00
30.5833	-68.5833	5.00
30.4167	-68.6667	6.00
30.3333	-68.7500	7.00
30.2500	-68.8333	8.00
30.0000	-68.8333	9.00
29.8333	-68.8333	10.00
29.7500	-68.8333	11.00
29.5833	-68.9167	12.00
29.2500	-69.0000	13.00
29.1667	-69.0000	14.00
28.5000	-69.0833	15.00
28.4167	-69.0833	16.00
27.8333	-69.1667	17.00
27.5833	-69.4167	18.00
27.6667	-69.5833	19.00
27.5833	-69.3333	20.00
27.3333	-69.7500	21.00
27.2500	-69.7500	22.00
27.0000	-69.7500	23.00
26.9167	-69.7500	24.00
26.8333	-69.7500	25.00
26.2500	-69.7500	26.00
24.1667	-69.9167	27.00
24.0833	-69.9167	28.00
23.1667	-69.9167	29.00
23.0833	-69.9167	30.00
23.0000	-69.9167	31.00
22.5000	-69.9167	32.00
22.4167	-69.9167	33.00
22.0000	-70.0000	34.00
21.7500	-70.0000	35.00
21.6667	-70.0000	36.00
21.5833	-70.0000	37.00
21.5833	-69.9167	38.00
21.5000	-69.9167	39.00
21.4167	-69.9167	40.00
21.3333	-69.9167	41.00
21.2500	-69.9167	42.00
21.1667	-69.9167	43.00
20.7500	-69.9167	44.00
20.5833	-69.9167	45.00
20.5000	-69.9167	46.00
20.4167	-69.9167	47.00
20.3333	-69.9167	48.00
19.9167	-69.8333	49.00
19.7500	-69.8333	50.00
19.6667	-69.8333	51.00
19.5833	-69.8333	52.00
19.3333	-69.8333	53.00
19.0000	-69.9167	54.00
18.9167	-69.9167	55.00
18.8333	-69.9167	56.00
18.5833	-69.7500	57.00
18.5833	-69.6667	58.00
18.5833	-69.5833	59.00
17.4167	-69.1667	60.00
17.3333	-69.1667	61.00
17.2500	-69.1667	62.00
17.0833	-69.1667	63.00
16.7500	-69.0833	64.00
16.5000	-69.0833	65.00
16.4167	-69.0833	66.00
16.3333	-69.0833	67.00
15.8333	-69.1667	68.00
15.7500	-69.1667	69.00
15.6667	-69.1667	70.00
15.5833	-69.1667	71.00
15.5000	-69.1667	72.00
15.4167	-69.1667	73.00
15.3333	-69.1667	74.00
15.1667	-69.1667	75.00
14.8333	-69.0833	76.00
14.7500	-69.0833	77.00
14.6667	-69.0833	78.00
14.5833	-69.0833	79.00
14.5000	-69.0833	80.00
14.4167	-69.0833	81.00
14.1667	-69.0833	82.00
14.0833	-69.0833	83.00
14.0000	-69.0833	84.00
13.9167	-69.0833	85.00
13.8333	-69.0000	86.00
13.7500	-69.0000	87.00
13.6667	-68.9167	88.00
13.5833	-68.9167	89.00
13.5000	-68.9167	90.00
13.4167	-68.9167	91.00
13.3333	-68.9167	92.00
13.2500	-68.9167	93.00
13.1667	-68.9167	94.00
12.7500	-68.9167	95.00
12.6667	-68.9167	96.00
12.5833	-68.7500	97.00
12.5000	-68.8333	98.00
12.5000	-68.6667	99.00
12.4167	-68.5833	100.00
12.3333	-68.5000	101.00
12.2500	-68.3333	102.00
12.1667	-68.2500	103.00
12.1667	-68.1667	104.00
12.1667	-68.0000	105.00
12.1667	-67.9167	106.00
12.0833	-68.1667	107.00
12.0833	-68.0000	108.00
12.0833	-67.9167	109.00
12.0833	-67.8333	110.00
12.0000	-68.0833	111.00
12.0000	-68.0000	112.00
12.0000	-67.9167	113.00
11.6667	-67.6667	114.00
11.5833	-67.6667	115.00
11.5000	-67.5833	116.00
11.5000	-67.5000	117.00
11.5000	-67.4167	118.00
11.4167	-67.3333	119.00
11.4167	-67.4167	120.00
11.3333	-67.3333	121.00
11.2500	-67.3333	122.00
11.1667	-67.3333	123.00
11.0833	-67.3333	124.00
11.0000	-67.3333	125.00
10.9167	-67.3333	126.00
10.8333	-67.3333	127.00
10.7500	-67.3333	128.00
10.6667	-67.3333	129.00
10.5833	-67.4167	130.00
10.5000	-67.4167	131.00
10.5000	-67.5000	132.00
10.4167	-67.5000	133.00
10.4167	-67.5833	134.00
10.5000	-67.5833	135.00
10.6667	-67.5833	136.00
10.7500	-67.5833	137.00
10.6667	-67.6667	138.00
10.7500	-67.6667	139.00
10.6667	-67.7500	140.00
10.7500	-67.7500	141.00
10.8333	-67.7500	142.00
10.9167	-67.7500	143.00
10.9167	-67.8333	144.00
10.9167	-67.9167	145.00
11.0000	-67.9167	146.00
11.0833	-67.9167	147.00
11.1667	-68.0000	148.00
11.2500	-68.0000	149.00
11.3333	-68.0833	150.00
11.3333	-68.1667	151.00
11.2500	-68.2500	152.00
11.2500	-68.3333	153.00
11.3333	-68.4167	154.00
11.3333	-68.5000	155.00
11.0833	-68.6667	156.00
11.1667	-68.6667	157.00
11.2500	-68.6667	158.00
11.3333	-68.6667	159.00
11.4167	-68.6667	160.00
10.7500	-68.8333	161.00
10.9167	-68.8333	162.00
10.8333	-69.0833	163.00
10.5833	-69.1667	164.00
10.6667	-69.1667	165.00
10.7500	-69.1667	166.00
10.8333	-69.1667	167.00
10.3333	-69.2500	168.00
10.4167	-69.2500	169.00
10.5000	-69.2500	170.00
10.3333	-69.3333	171.00
10.4167	-69.3333	172.00
10.1667	-69.4167	173.00
10.0833	-69.4167	174.00
10.0000	-69.5000	175.00
9.8333	-69.5833	176.00
9.7500	-69.5833	177.00
9.6667	-69.6667	178.00
9.5833	-69.6667	179.00
9.5000	-69.6667	180.00
9.4167	-69.6667	181.00
9.3333	-69.6667	182.00
9.2500	-69.6667	183.00
9.1667	-69.6667	184.00
9.0833	-69.6667	185.00
9.0833	-69.5833	186.00
9.0000	-69.5833	187.00
8.9167	-69.5000	188.00
8.8333	-69.4167	189.00
8.7500	-69.5833	190.00
8.7500	-69.5000	191.00
8.6667	-69.6667	192.00
8.6667	-69.5833	193.00
8.5833	-69.6667	194.00
8.5000	-69.5833	195.00
8.4167	-69.5833	196.00
8.3333	-69.5833	197.00
8.2500	-69.6667	198.00
8.2500	-69.5833	199.00
8.1667	-69.6667	200.00
8.0833	-69.7500	201.00
8.0000	-69.7500	202.00
7.9167	-69.7500	203.00
7.8333	-69.7500	204.00
7.7500	-69.7500	205.00
7.7500	-69.6667	206.00
7.6667	-69.6667	207.00
7.5833	-69.6667	208.00
7.5000	-69.6667	209.00
7.4167	-69.6667	210.00
7.3333	-69.6667	211.00
7.2500	-69.6667	212.00
7.1667	-69.6667	213.00
7.1667	-69.5833	214.00
7.0833	-69.5833	215.00
7.0000	-69.5833	216.00
7.0833	-69.5000	217.00
7.1667	-69.4167	218.00
7.3333	-69.3333	219.00
7.2500	-69.3333	220.00
7.1667	-69.3333	221.00
7.0833	-69.3333	222.00
6.7500	-69.3333	223.00
6.7500	-69.2500	224.00
6.6667	-69.2500	225.00
6.5833	-69.1667	226.00
6.5000	-69.1667	227.00
6.5000	-69.0833	228.00
6.4167	-69.0833	229.00
6.3333	-69.0833	230.00
6.2500	-69.0833	231.00
6.1667	-69.0833	232.00
6.0833	-69.0833	233.00
6.0000	-69.0833	234.00
6.0000	-69.1667	235.00
5.9167	-69.1667	236.00
5.8333	-69.1667	237.00
5.7500	-69.1667	238.00
5.8333	-69.2500	239.00
5.7500	-69.2500	240.00
5.6667	-69.2500	241.00
5.8333	-69.3333	242.00
5.7500	-69.3333	243.00
5.8333	-69.4167	244.00
6.0000	-69.4500	245.00
5.9167	-69.5000	246.00
5.8333	-69.5000	247.00
6.0000	-69.5833	248.00
5.8333	-69.5833	249.00
5.7500	-69.6667	250.00
5.4167	-69.5833	251.00
5.2500	-69.5833	252.00
4.6667	-69.6667	253.00
4.5833	-69.7500	254.00
4.5000	-69.7500	255.00
4.1667	-69.5833	256.00
4.0833	-69.5833	257.00
4.0000	-69.5833	258.00
3.9167	-69.5833	259.00
3.6667	-69.6667	260.00
3.4167	-69.5833	261.00
3.4167	-69.5000	262.00
3.3333	-69.5000	263.00
3.1667	-69.5000	264.00
3.0833	-69.5000	265.00
3.0000	-69.5833	266.00
2.9167	-69.5833	267.00
2.8333	-69.5833	268.00
2.6667	-69.6667	269.00
2.5833	-69.6667	270.00
1.9167	-69.6667	271.00
1.5833	-69.7500	272.00
1.5000	-69.6667	273.00
1.4167	-69.5833	274.00
0.8333	-69.5833	275.00
0.7500	-69.5833	276.00
0.6667	-69.5833	277.00
0.5833	-69.5833	278.00
0.5000	-69.5000	279.00
0.5000	-69.4167	280.00
0.5000	-69.3333	281.00
0.4167	-69.4167	282.00
0.3263	-69.5495	283.00
0.1416	-69.3764	284.00
-0.7199	-69.2765	285.00
-0.8067	-69.3786	286.00
-0.7847	-69.4278	287.00
-0.9271	-69.5383	288.00
-0.8316	-69.5686	289.00
-0.6610	-69.5672	290.00
-0.6520	-69.5892	291.00
-0.9811	-69.6619	292.00
-1.3802	-69.8071	293.00
-1.3693	-69.8354	294.00
-1.0988	-69.8468	295.00
-1.0868	-69.8698	296.00
-1.3932	-69.8877	297.00
-1.5833	-69.8333	298.00
-3.4167	-69.9167	299.00
-4.5833	-69.7500	300.00
-4.6667	-69.7500	301.00
-4.7500	-69.7500	302.00
-4.8333	-69.9167	303.00
-5.0833	-70.0000	304.00
-5.4167	-69.7500	305.00
-5.5000	-69.7500	306.00
-5.3333	-69.6667	307.00
-5.1667	-69.5833	308.00
-5.0833	-69.4167	309.00
-5.0000	-69.3333	310.00
-5.0833	-69.3333	311.00
-5.1667	-69.3333	312.00
-5.2500	-69.3333	313.00
-5.3333	-69.3333	314.00
-5.4167	-69.2500	315.00
-5.5000	-69.2500	316.00
-5.5833	-69.2500	317.00
-5.6667	-69.2500	318.00
-5.7500	-69.2500	319.00
-5.8333	-69.2500	320.00
-5.9167	-69.2500	321.00
-6.0000	-69.2500	322.00
-6.0833	-69.2500	323.00
-6.1667	-69.3333	324.00
-6.1667	-69.2500	325.00
-6.2500	-69.3333	326.00
-6.3333	-69.3333	327.00
-6.4167	-69.4167	328.00
-6.4167	-69.3333	329.00
-6.5000	-69.4167	330.00
-6.5833	-69.4167	331.00
-6.6667	-69.5833	332.00
-6.6667	-69.5000	333.00
-6.6667	-69.4167	334.00
-6.7500	-69.5000	335.00
-6.7500	-69.5833	336.00
-6.6667	-69.6667	337.00
-7.4167	-69.6667	338.00
-7.5000	-69.6667	339.00
-7.5833	-69.6667	340.00
-7.6667	-69.7500	341.00
-7.6667	-69.6667	342.00
-7.7500	-69.7500	343.00
-7.7500	-69.6667	344.00
-7.8333	-69.8333	345.00
-7.9167	-69.8333	346.00
-8.0000	-69.9167	347.00
-8.0833	-69.9167	348.00
-8.1667	-70.0000	349.00
-8.3333	-70.0833	350.00
-8.5000	-70.0833	351.00
-8.5833	-70.0000	352.00
-8.7500	-69.9167	353.00
-8.8333	-69.9167	354.00
-8.9167	-69.8333	355.00
-9.0000	-69.8333	356.00
-9.0833	-69.7500	357.00
-9.5000	-69.8333	358.00
-9.5000	-69.7500	359.00
-9.5833	-69.9167	360.00
-9.8333	-69.8333	361.00
-9.9167	-69.8333	362.00
-10.0833	-69.9167	363.00
-10.1667	-69.9167	364.00
-10.2500	-69.9167	365.00
-10.3333	-70.0000	366.00
-10.4167	-70.0000	367.00
-10.5833	-70.1667	368.00
-10.5833	-70.0833	369.00
-10.8333	-70.2500	370.00
-10.9167	-70.2500	371.00
-11.1667	-70.1667	372.00
-11.2500	-70.2500	373.00
-11.2500	-70.1667	374.00
-11.3333	-70.1667	375.00
-11.4167	-70.1667	376.00
-11.5000	-70.1667	377.00
-11.6667	-70.2500	378.00
-11.7500	-70.4167	379.00
-11.7500	-70.3333	380.00
-11.8333	-70.4167	381.00
-11.9167	-70.5000	382.00
-12.0000	-70.5000	383.00
-12.0833	-70.5000	384.00
-12.5000	-70.6667	385.00
-12.5000	-70.5000	386.00
-12.5833	-70.5833	387.00
-12.5833	-70.5000	388.00
-12.7500	-70.8333	389.00
-12.8333	-70.8333	390.00
-13.0000	-70.9167	391.00
-13.0833	-70.9167	392.00
-13.1667	-71.0000	393.00
-13.2500	-71.0000	394.00
-13.3333	-71.0000	395.00
-13.6667	-71.0833	396.00
-13.8333	-71.0833	397.00
-13.9167	-71.0833	398.00
-14.0000	-71.0833	399.00
-14.0833	-71.1667	400.00
-14.3333	-71.2500	401.00
-14.4167	-71.2500	402.00
-14.6667	-71.3333	403.00
-14.7500	-71.3333	404.00
-15.1667	-71.4167	405.00
-15.2500	-71.4167	406.00
-15.3333	-71.4167	407.00
-15.4167	-71.4167	408.00
-15.5000	-71.4167	409.00
-15.5833	-71.4167	410.00
-15.7500	-71.5000	411.00
-15.8333	-71.5000	412.00
-15.9167	-71.5000	413.00
-16.2500	-71.5833	414.00
-16.5833	-71.7500	415.00
-16.7500	-71.8333	416.00
-16.8333	-71.8333	417.00
-16.9167	-71.8333	418.00
-17.0000	-71.8333	419.00
-17.5833	-72.1667	420.00
-17.7500	-72.2500	421.00
-18.3333	-72.4167	422.00
-18.4167	-72.5000	423.00
-18.5700	-72.7400	424.00
-18.8200	-72.5600	425.00
-18.9100	-72.6000	426.00
-18.9300	-72.7400	427.00
-19.5000	-72.8333	428.00
-19.5833	-72.8333	429.00
-19.9167	-72.8333	430.00
-20.0000	-72.8333	431.00
-20.6667	-72.8333	432.00
-21.0833	-72.9167	433.00
-21.5000	-73.0000	434.00
-21.6667	-73.1667	435.00
-21.6667	-73.0833	436.00
-21.7500	-73.1667	437.00
-22.2500	-73.2500	438.00
-22.7500	-73.2500	439.00
-23.2500	-73.2500	440.00
-24.0833	-73.4167	441.00
-24.6667	-73.5833	442.00
-25.0000	-73.7500	443.00
-25.2500	-73.6667	444.00
-25.6667	-73.5833	445.00
-25.7500	-73.5833	446.00
-25.8333	-73.5833	447.00
-26.0833	-73.5833	448.00
-26.1667	-73.5833	449.00
-26.2500	-73.5833	450.00
-26.3333	-73.5833	451.00
-26.4167	-73.5833	452.00
-26.5000	-73.5833	453.00
-26.5833	-73.5833	454.00
-26.6667	-73.5833	455.00
-26.7500	-73.5833	456.00
-26.8333	-73.5833	457.00
-26.9167	-73.5833	458.00
-27.0000	-73.5833	459.00
-27.0833	-73.5833	460.00
-27.1667	-73.6667	461.00
-27.2500	-73.6667	462.00
-27.3333	-73.6667	463.00
-27.4167	-73.6667	464.00
-27.5000	-73.6667	465.00
-27.5833	-73.7500	466.00
-27.7500	-73.7500	467.00
-27.8333	-73.8333	468.00
-27.9167	-73.8333	469.00
-28.0000	-73.8333	470.00
-28.0833	-73.8333	471.00
-28.1667	-73.8333	472.00
-28.2500	-73.9167	473.00
-28.3333	-73.9167	474.00
-28.4167	-73.9167	475.00
-28.5000	-73.9167	476.00
-28.5833	-73.9167	477.00
-28.6667	-74.0000	478.00
-28.7500	-74.0000	479.00
-28.8333	-74.0833	480.00
-28.8333	-74.0000	481.00
-28.9167	-74.0833	482.00
-29.0000	-74.1667	483.00
-29.0833	-74.1667	484.00
-29.1667	-74.2500	485.00
-29.3333	-74.1667	486.00
-29.4167	-74.1667	487.00
-29.8333	-74.0833	488.00
-29.9167	-74.0833	489.00
-30.0000	-74.0833	490.00
-30.2500	-74.0000	491.00
-30.3333	-74.0000	492.00
-30.4167	-74.0000	493.00
-30.5000	-74.0000	494.00
-30.5833	-74.0000	495.00
-30.8333	-73.9167	496.00
-30.9167	-73.9167	497.00
-31.0000	-73.9167	498.00
-31.0833	-73.9167	499.00
-31.1667	-73.9167	500.00
-31.2500	-73.9167	501.00
-31.3333	-73.9167	502.00
-31.4167	-73.9167	503.00
-31.5000	-73.9167	504.00
-32.5000	-74.0000	505.00
-32.5833	-74.0000	506.00
-32.6667	-74.0000	507.00
-32.7500	-74.0000	508.00
-32.8333	-74.0000	509.00
-32.9167	-74.0000	510.00
-33.0000	-74.0000	511.00
-33.0833	-74.0000	512.00
-33.6667	-74.0000	513.00
-33.7500	-74.0000	514.00
-33.8333	-74.0000	515.00
-33.9167	-74.0000	516.00
-34.0000	-74.0000	517.00
-34.0833	-74.0000	518.00
-34.1667	-74.0000	519.00
-34.2500	-74.0000	520.00
-34.3333	-74.0000	521.00
-34.4167	-74.0000	522.00
-34.5000	-74.0000	523.00
-34.5833	-74.0000	524.00
-34.6667	-74.0000	525.00
-34.7500	-74.0000	526.00
-34.8333	-74.0000	527.00
-34.9167	-74.0000	528.00
-35.0000	-74.0000	529.00
-35.0833	-74.0000	530.00
-35.1667	-74.0000	531.00
-35.2500	-74.0000	532.00
-35.3333	-74.0000	533.00
-35.4167	-74.0000	534.00
-35.5000	-74.0000	535.00
-35.8333	-74.0833	536.00
-35.9167	-74.0833	537.00
-36.0000	-74.0833	538.00
-36.5000	-74.0833	539.00
-36.5833	-74.0833	540.00
-36.6667	-74.0833	541.00
-36.7500	-74.0833	542.00
-36.8333	-74.0833	543.00
-36.9167	-74.0833	544.00
-37.5000	-74.0000	545.00
-37.5833	-74.0000	546.00
-37.5833	-73.9167	547.00
-37.8333	-73.8333	548.00
-37.9167	-73.8333	549.00
-38.0000	-73.8333	550.00
-38.0833	-73.8333	551.00
-38.1667	-73.8333	552.00
-38.2500	-73.7500	553.00
-38.3333	-73.7500	554.00
-38.5833	-73.6667	555.00
-39.0000	-73.6667	556.00
-39.0833	-73.6667	557.00
-39.1667	-73.5833	558.00
-39.2500	-73.5833	559.00
-39.3333	-73.5833	560.00
-39.4167	-73.5833	561.00
-39.5000	-73.5833	562.00
-39.5833	-73.5833	563.00
-39.6667	-73.5833	564.00
-39.7500	-73.5833	565.00
-39.8333	-73.5833	566.00
-39.8333	-73.5000	567.00
-39.9167	-73.5000	568.00
-40.0000	-73.5000	569.00
-40.0833	-73.5000	570.00
-40.1667	-73.5000	571.00
-40.2500	-73.4167	572.00
-40.3333	-73.4167	573.00
-40.4167	-73.4167	574.00
-40.5000	-73.4167	575.00
-40.5833	-73.4167	576.00
-40.5833	-73.3333	577.00
-40.6667	-73.3333	578.00
-40.6667	-73.2500	579.00
-40.7500	-73.2500	580.00
-40.8333	-73.2500	581.00
-40.9167	-73.2500	582.00
-41.0000	-73.1667	583.00
-41.0833	-73.1667	584.00
-41.1667	-73.1667	585.00
-41.2500	-73.1667	586.00
-41.5000	-73.0833	587.00
-41.5000	-73.0000	588.00
-41.5000	-72.9167	589.00
-41.5833	-72.9167	590.00
-41.5833	-72.8333	591.00
-41.6667	-72.8333	592.00
-41.7500	-72.8333	593.00
-41.8333	-72.8333	594.00
-41.9167	-72.8333	595.00
-42.0000	-72.8333	596.00
-42.0833	-72.7500	597.00
-42.1667	-72.7500	598.00
-42.2500	-72.7500	599.00
-42.3333	-72.7500	600.00
-42.4167	-72.7500	601.00
-42.5000	-72.7500	602.00
-42.5833	-72.7500	603.00
-42.6667	-72.7500	604.00
-42.7500	-72.7500	605.00
-42.7500	-72.6667	606.00
-42.8333	-72.6667	607.00
-42.9167	-72.6667	608.00
-43.0000	-72.6667	609.00
-43.0833	-72.5833	610.00
-43.1667	-72.5833	611.00
-43.1667	-72.5000	612.00
-43.2500	-72.5000	613.00
-43.3333	-72.5000	614.00
-43.4167	-72.5000	615.00
-43.5000	-72.5000	616.00
-43.5833	-72.4167	617.00
-43.6667	-72.4167	618.00
-43.7500	-72.4167	619.00
-43.8333	-72.4167	620.00
-43.9167	-72.4167	621.00
-44.0000	-72.4167	622.00
-44.0833	-72.4167	623.00
-44.1667	-72.3333	624.00
-44.2500	-72.3333	625.00
-44.3333	-72.3333	626.00
-44.4167	-72.3333	627.00
-44.5000	-72.3333	628.00
-44.5833	-72.2500	629.00
-44.6667	-72.2500	630.00
-44.7500	-72.2500	631.00
-44.8333	-72.2500	632.00
-44.8333	-72.1667	633.00
-44.9167	-72.1667	634.00
-45.0000	-72.1667	635.00
-45.0833	-72.1667	636.00
-45.1667	-72.1667	637.00
-45.1667	-72.0833	638.00
-45.2500	-72.1667	639.00
-45.2500	-72.0833	640.00
-45.3333	-72.0833	641.00
-45.4167	-72.0833	642.00
-45.5000	-72.0833	643.00
-45.5833	-72.0833	644.00
-45.6667	-72.0833	645.00
-45.7500	-72.0833	646.00
-45.8333	-72.0833	647.00
-45.8333	-72.0000	648.00
-45.9167	-72.0000	649.00
-46.0000	-72.0000	650.00
-46.0833	-72.0000	651.00
-46.1667	-72.0000	652.00
-46.2500	-72.0000	653.00
-46.3333	-72.0000	654.00
-46.4167	-72.0000	655.00
-46.5000	-72.0000	656.00
-46.5833	-72.0000	657.00
-46.5833	-71.9167	658.00
-46.6667	-71.9167	659.00
-46.7500	-71.9167	660.00
-46.8333	-71.9167	661.00
-46.9167	-71.9167	662.00
-47.0000	-71.9167	663.00
-47.0833	-71.9167	664.00
-47.1667	-71.9167	665.00
-47.2500	-71.9167	666.00
-47.3333	-71.9167	667.00
-47.4167	-72.0000	668.00
-47.5000	-72.0000	669.00
-47.5833	-72.0000	670.00
-47.6667	-71.9167	671.00
-47.7500	-71.9167	672.00
-47.8333	-71.9167	673.00
-47.9167	-71.9167	674.00
-48.0000	-71.9167	675.00
-48.0000	-71.8333	676.00
-48.0833	-71.8333	677.00
-48.1667	-71.8333	678.00
-48.2500	-71.8333	679.00
-48.3333	-71.8333	680.00
-48.4167	-71.8333	681.00
-48.5000	-71.8333	682.00
-48.5833	-71.9167	683.00
-48.6667	-71.8333	684.00
-48.6667	-71.7500	685.00
-48.7500	-71.7500	686.00
-48.8333	-71.7500	687.00
-48.9167	-71.7500	688.00
-49.0000	-71.7500	689.00
-49.0000	-71.6667	690.00
-49.0833	-71.7500	691.00
-49.1667	-71.7500	692.00
-49.2500	-71.7500	693.00
-49.2500	-71.6667	694.00
-49.3333	-71.6667	695.00
-49.4167	-71.6667	696.00
-49.5000	-71.6667	697.00
-49.6667	-71.6667	698.00
-49.7500	-71.6667	699.00
-49.8333	-71.6667	700.00
-49.9167	-71.6667	701.00
-50.0000	-71.6667	702.00
-50.0833	-71.6667	703.00
-50.1667	-71.6667	704.00
-50.2500	-71.6667	705.00
-50.3333	-71.6667	706.00
-50.4167	-71.6667	707.00
-50.5000	-71.6667	708.00
-50.5833	-71.6667	709.00
-50.6667	-71.6667	710.00
-50.8333	-71.7500	711.00
-51.0000	-71.8333	712.00
-51.0833	-71.8333	713.00
-51.3333	-71.9167	714.00
-51.6667	-72.0000	715.00
-51.6667	-71.9167	716.00
-51.5833	-71.8333	717.00
-51.5000	-71.7500	718.00
-51.3333	-71.6667	719.00
-51.2500	-71.5833	720.00
-51.3333	-71.5833	721.00
-51.4167	-71.5833	722.00
-51.3333	-71.5000	723.00
-51.4167	-71.5000	724.00
-51.5000	-71.5000	725.00
-51.5833	-71.5000	726.00
-51.5833	-71.4167	727.00
-51.6667	-71.4167	728.00
-52.0833	-71.4167	729.00
-52.1667	-71.4167	730.00
-52.2500	-71.4167	731.00
-52.3333	-71.4167	732.00
-52.3333	-71.3333	733.00
-52.4167	-71.3333	734.00
-52.5000	-71.3333	735.00
-52.5833	-71.3333	736.00
-52.6667	-71.3333	737.00
-52.7500	-71.3333	738.00
-52.9167	-71.3333	739.00
-53.0000	-71.3333	740.00
-52.9167	-71.2500	741.00
-53.0000	-71.2500	742.00
-53.0833	-71.2500	743.00
-52.9167	-71.1667	744.00
-53.0000	-71.1667	745.00
-53.0833	-71.1667	746.00
-53.0000	-71.0833	747.00
-53.0833	-71.0833	748.00
-52.9167	-71.0000	749.00
-53.0000	-71.0000	750.00
-52.8333	-70.9167	751.00
-52.9167	-70.9167	752.00
-52.8333	-70.8333	753.00
-52.9167	-70.8333	754.00
-52.8333	-70.7500	755.00
-52.9167	-70.7500	756.00
-52.7500	-70.6667	757.00
-52.8333	-70.6667	758.00
-52.7500	-70.5833	759.00
-52.8333	-70.5833	760.00
-52.8333	-70.5000	761.00
-52.9167	-70.5000	762.00
-52.9167	-70.4167	763.00
-53.0000	-70.4167	764.00
-53.0000	-70.3333	765.00
-53.0833	-70.3333	766.00
-53.0833	-70.2500	767.00
-53.1667	-70.2500	768.00
-53.1667	-70.1667	769.00
-53.2500	-70.1667	770.00
-53.2500	-70.0833	771.00
-53.3333	-70.0833	772.00
-53.4167	-70.0000	773.00
-53.5000	-70.0000	774.00
-53.5833	-70.0000	775.00
-53.5833	-69.9167	776.00
-53.6667	-69.9167	777.00
-53.5833	-69.8333	778.00
-53.6667	-69.8333	779.00
-53.5000	-69.7500	780.00
-53.5833	-69.7500	781.00
-53.2500	-69.6667	782.00
-53.3333	-69.6667	783.00
-53.4167	-69.6667	784.00
-53.5000	-69.6667	785.00
-53.0000	-69.5833	786.00
-53.0833	-69.5833	787.00
-53.1667	-69.5833	788.00
-52.8333	-69.5000	789.00
-52.9167	-69.5000	790.00
-53.0000	-69.5000	791.00
-53.0833	-69.5000	792.00
-52.8333	-69.4167	793.00
-52.9167	-69.4167	794.00
-53.0000	-69.4167	795.00
-52.8333	-69.3333	796.00
-52.7500	-69.2500	797.00
-52.8333	-69.2500	798.00
-52.7500	-69.1667	799.00
-52.6667	-69.0833	800.00
-52.7500	-69.0833	801.00
-52.5000	-69.0000	802.00
-52.5833	-69.0000	803.00
-52.6667	-69.0000	804.00
-52.4167	-68.9167	805.00
-52.5000	-68.9167	806.00
-52.2500	-68.8333	807.00
-52.3333	-68.8333	808.00
-52.1667	-68.7500	809.00
-52.2500	-68.7500	810.00
-52.1667	-68.6667	811.00
-52.0833	-68.5833	812.00
-52.1667	-68.5833	813.00
-52.0833	-68.5000	814.00
-52.0833	-68.4167	815.00
-52.0833	-68.3333	816.00
-52.0833	-68.2500	817.00
-52.0833	-68.1667	818.00
-52.1667	-68.1667	819.00
-52.1667	-68.0833	820.00
-52.2500	-68.0833	821.00
-52.3333	-68.0000	822.00
-52.4167	-68.0000	823.00
-52.5000	-68.0000	824.00
-52.5833	-67.9167	825.00
-52.6667	-67.9167	826.00
-52.7500	-67.9167	827.00
-52.8333	-67.8333	828.00
-52.9167	-67.8333	829.00
-53.0000	-67.8333	830.00
-53.0833	-67.7500	831.00
-53.1667	-67.7500	832.00
-53.2500	-67.6667	833.00
-53.3333	-67.6667	834.00
-53.5000	-67.5833	835.00
-53.5833	-67.5000	836.00
-53.5833	-67.4167	837.00
-53.6667	-67.4167	838.00
-53.6667	-67.3333	839.00
-53.7500	-67.3333	840.00
-53.6667	-67.2500	841.00
-53.5833	-67.1667	842.00
-53.4167	-67.0833	843.00
-53.3333	-67.0000	844.00
-53.2500	-66.9167	845.00
-53.1667	-66.8333	846.00
-53.0833	-66.7500	847.00
-53.0000	-66.6667	848.00
-52.9167	-66.5833	849.00
-53.0000	-66.5833	850.00
-52.8333	-66.5000	851.00
-52.9167	-66.5000	852.00
-52.7500	-66.4167	853.00
-52.8333	-66.4167	854.00
-52.7500	-66.3333	855.00
-52.8333	-66.3333	856.00
-52.8333	-66.2500	857.00
-52.8333	-66.1667	858.00
-52.9167	-66.1667	859.00
-52.9167	-66.0833	860.00
-53.0000	-66.0833	861.00
-53.0000	-66.0000	862.00
-53.0833	-66.0000	863.00
-53.1667	-66.0000	864.00
-53.1667	-65.9167	865.00
-53.2500	-65.9167	866.00
-53.2500	-65.8333	867.00
-53.2500	-65.7500	868.00
-53.3333	-65.7500	869.00
-53.3333	-65.6667	870.00
-53.4167	-65.6667	871.00
-53.4167	-65.5833	872.00
-53.5000	-65.5833	873.00
-53.5000	-65.5000	874.00
-53.5833	-65.5000	875.00
-53.5833	-65.4167	876.00
-53.6667	-65.4167	877.00
-53.6667	-65.3333	878.00
-53.7500	-65.3333	879.00
-53.8333	-65.3333	880.00
-53.8333	-65.2500	881.00
-53.9167	-65.2500	882.00
-54.0000	-65.2500	883.00
-53.9167	-65.1667	884.00
-54.0000	-65.1667	885.00
-54.0833	-65.1667	886.00
-54.1667	-65.1667	887.00
-53.9167	-65.0833	888.00
-54.0000	-65.0833	889.00
-54.0833	-65.0833	890.00
-53.9167	-65.0000	891.00
-54.0000	-65.0000	892.00
-53.8333	-64.9167	893.00
-53.7500	-64.8333	894.00
-53.8333	-64.8333	895.00
-53.7500	-64.7500	896.00
-53.7500	-64.6667	897.00
-53.4167	-64.5833	898.00
-53.1667	-64.5000	899.00
-53.2500	-64.5000	900.00
-53.0833	-64.4167	901.00
-53.0000	-64.3333	902.00
-52.9167	-64.2500	903.00
-52.7500	-64.0833	904.00
-51.8333	-64.0000	905.00
-51.9167	-64.0000	906.00
-51.5000	-63.9167	907.00
-51.5833	-63.9167	908.00
-51.3333	-63.8333	909.00
-51.4167	-63.8333	910.00
-51.3333	-63.7500	911.00
-51.3333	-63.6667	912.00
-51.4167	-63.6667	913.00
-51.1667	-63.5833	914.00
-51.2500	-63.5833	915.00
-51.3333	-63.5833	916.00
-51.4167	-63.5833	917.00
-50.8333	-63.5000	918.00
-50.9167	-63.5000	919.00
-51.0000	-63.5000	920.00
-50.0833	-63.4167	921.00
-50.1667	-63.4167	922.00
-50.2500	-63.4167	923.00
-49.5000	-63.3333	924.00
-49.4167	-63.2500	925.00
-49.5833	-63.1667	926.00
-49.6667	-63.0833	927.00
-49.6667	-63.0000	928.00
-49.8333	-63.0000	929.00
-52.6667	-62.8333	930.00
-53.0833	-62.6667	931.00
-53.1667	-62.4167	932.00
-53.1667	-62.1667	933.00
-50.9167	-61.3333	934.00
-50.9167	-61.2500	935.00
-50.7500	-61.1667	936.00
-50.4167	-61.0833	937.00
-50.5000	-61.0833	938.00
-50.5833	-61.0833	939.00
-50.3333	-61.0000	940.00
-50.0833	-60.9167	941.00
-49.7500	-60.7500	942.00
-49.5000	-60.6667	943.00
-49.6667	-60.6667	944.00
-49.7500	-60.5833	945.00
-49.9167	-60.5833	946.00
-50.6667	-60.2500	947.00
